[0m[[0minfo[0m] [0mSet current project to root-4370-6370-project-two-w-sbt (in build file:/home/nick/6370/Proj2/4370-6370-Project-Two-w-SBT/)[0m
[0m[[0minfo[0m] [0mRunning cs4370.TestTupleGenerator 1000 2[0m
Number of tuples in Student : 1000
Number of tuples in Professor : 1000
Number of tuples in Course : 1000
Number of tuples in Teaching : 1000
Number of tuples in Transcript : 1000
Timing selects on primary keys
SuccessTimesTeaching: []
UnSuccessTimesTeaching: 
7038310
373288
282735
255085
265627
311976
190866
198438
149377
176161
148610
156731
123656
126729
153242
110068
304001
345465
260984
230393
220823
219903
1093439
240792
1656157
232506
244115
241228
124807
128433
119337
125798
129062
185286
179607
195549
158855
112104
168672
110053
106907
127312
128824
131677
162894
133168
131336
127712
125446
153956
131153
131913
130021
128171
138659
134280
132347
137261
136360
134817
137015
142590
131670
130887
128368
132070
136997
136972
133750
130721
137749
136950
137165
115469
108617
141731
109860
115035
124868
109344
110685
116349
115424
120887
108121
113939
123658
161582
110478
106664
111661
119666
115036
112257
150675
106206
113120
117158
113793
111734
SuccessTimesProfessor: 
UnSuccessTimesProfessor: 
14898
5183
4636
4285
4926
4470
4025
4662
3913
3620
3575
3970
3078
2629
2678
2330
2802
2789
2603
2630
2803
2332
2469
2906
3145
2703
3028
2703
2673
2841
2713
2862
2528
2426
2181
2465
2449
2845
2751
2761
2293
2623
2503
2289
2609
2772
2509
2345
2351
2464
2448
2653
2148
2305
8713
2347
2549
2333
2350
2352
2626
2572
2177
2434
2294
2287
2201
2379
2346
2379
2239
2328
2586
2362
2495
2662
2554
2432
2274
2419
2475
2680
3186
2671
2634
2464
2592
2224
2407
2738
2582
2465
2271
2458
2383
2250
2343
2355
2475
2321
SuccessTimesStudent: 
UnSuccessTimesStudent: 
150866
11064
8588
7533
11312
8082
9110
9320
6520
10591
8435
8413
8489
7048
7514
3868
6515
8983
6126
5350
4821
3656
5884
6081
6861
5223
7455
6598
7070
5931
7207
6783
7546
6128
5951
7594
6511
7191
7185
6729
5951
5896
4762
4010
5964
5237
5312
4314
4902
5235
5335
5170
4532
4255
4950
4953
5144
4488
5864
4546
5452
4695
4734
4183
4351
4655
5184
5569
5315
4784
5434
5146
5314
4755
4780
4998
4238
4187
4612
4311
4266
4143
5087
5001
4586
3484
5058
5237
3714
3853
4590
4826
4486
4435
4646
4330
4221
4623
4880
3872
NaturalJoinTimes: 
50439247
41867057
54705810
45088370
46756620
58264633
25539575
20143645
19761237
36243126
26270249
23414527
37104287
27597381
26032673
28178109
24199942
25672520
16171916
16926166
13312413
9142857
9528002
9168764
9674875
10028893
9326295
9933800
9902206
9523745
9311255
14023507
8957354
9145662
11544546
29347246
8721266
13595553
10484961
27975707
11335341
10182189
11296321
11543385
10068949
10088100
9689978
12884406
12493665
13358005
12567430
10121920
14152570
10934807
10355082
9896651
12089220
12263840
9207661
10392207
10007944
9227045
12026918
12047124
10829223
10054654
9270068
12945048
10276931
11557370
10077417
10904518
9877093
12700019
9708055
9928130
9646132
12007807
9948715
11482279
12572134
9829367
9759035
12495273
10242476
11536440
9941890
9536564
23268462
20373559
27551336
23187313
21793548
20018092
18611061
24431060
14454716
25550818
14686134
7281620
21471809
23327179
6592917
6519232
9525146
9114680
6524040
7645430
7446133
6939041
9581793
7220660
6772629
9734975
8687673
6991942
9611038
7602204
6694342
8318195
9257753
7598276
64066292
16258381
23360997
20257706
17391613
22053319
7799251
6655215
6419129
6926687
6934564
6862564
6785570
6538875
6392017
6484627
6616462
6741983
6694961
7231056
6511646
6529651
6605393
6446383
6713113
8872522
6845720
7177029
6954364
6590898
6568200
6753843
6610155
6832819
6422280
6273378
6397315
14775378
8979529
9319369
14395766
18780173
6782803
12518460
11673073
12056876
13417149
10734096
18671746
10740253
15754795
6821947
8801728
13846080
6248658
6621283
6330831
6549893
6629945
6552532
6603806
6404281
6392264
6600348
6265313
6128886
7805329
6303023
6044888
6252289
6494325
6450555
6496600
6538366
6238071
6654074
6463173
6277902
9512617
6811936
6733556
6421453
6344033
6619352
6504717
6270657
6562375
6257000
6236976
5702735
6055263
6146170
6009168
6448566
28570301
6493908
6595679
6089328
6156665
6099460
6083469
6013721
6130014
6080164
5956850
6169711
6076616
6035580
6124277
6170371
5864010
5889938
6085389
5946246
7514483
6570931
6152363
6166840
6150373
5954777
6071464
6269261
5944723
6635915
6374726
6054383
6243931
6378862
6344145
6391162
6266102
8724232
6200008
6193313
6020265
6207434
6103957
6085787
6234126
6157288
6053205
6094065
6073624
5934473
6146206
6144697
5599104
6319252
6048295
5984563
6346987
6287247
6050682
6149191
5873968
5932580
6065521
6311581
6132100
6349128
6294537
6218372
6325834
6138625
6168978
6343626
6402108
6228215
6308970
6393609
5961992
6111256
5947746
5896416
6062204
6022029
6207817
6455366
EquiJoinTimes: 
80609696
32549505
31680911
42280748
19331235
37991794
13384414
15408423
14489891
36248321
18476823
16857564
9409996
14600604
5783002
5637941
5979677
6410330
5289184
6042050
5303254
5649857
57658260
7325787
7552995
5342431
7669441
14272384
8978080
6835018
7091879
9046685
9908279
6995668
7298677
6793380
6446727
9459983
7816732
6592467
8664390
6106965
6619855
6619698
8607251
6887535
6160076
6059613
6539066
6718917
6239236
6653278
6565800
6460836
6663437
8972133
6075681
6110707
20934392
20685617
15561655
5753295
18745072
6234236
7352531
17767990
10450311
6393619
8811901
5640970
3982351
3691840
5635993
3932917
4031984
3747296
4975109
4051166
4208075
4152916
4052753
4951216
12135199
10683384
20119318
3888601
3926910
3456598
3919867
3463161
3827035
3588569
3697626
3537228
3854325
3702813
3736581
3505030
3889211
3791889
3960293
3758384
3982752
3648044
3622292
3551497
3572459
6991114
3985770
4683696
6661877
4477702
3757989
7538109
11723731
3474026
4306658
3876023
3886439
3674706
3766761
3756229
3745523
3570626
3548356
3481722
3558799
3405897
3863349
3644284
3863411
3651241
3918162
3808383
3629925
3732701
3653801
3269830
3645602
3276062
3415346
3352564
3437827
3213898
3379971
3332516
3558539
3249366
3314461
3206278
3327526
3159589
3379029
3231534
3379834
3171239
3360061
3235805
3398150
3257717
3378034
3238643
3324543
3148991
3614762
3397028
3632679
3278594
3423305
3209933
3443020
3203527
3441404
3232341
3429030
3218973
3291268
3137914
3340624
3271975
3544979
3331258
3532428
3699111
3401922
3135788
3416817
3301151
3484026
3338597
3505779
3152373
3441778
3356457
3486391
3240575
3321276
3159608
3409598
3149825
[0m[[32msuccess[0m] [0mTotal time: 6 s, completed Oct 7, 2016 1:03:53 AM[0m
