[0m[[0minfo[0m] [0mSet current project to root-4370-6370-project-two-w-sbt (in build file:/home/nick/6370/Proj2/4370-6370-Project-Two-w-SBT/)[0m
[0m[[0minfo[0m] [0mRunning cs4370.TestTupleGenerator 100 3[0m
Number of tuples in Student : 100
Number of tuples in Professor : 100
Number of tuples in Course : 100
Number of tuples in Teaching : 100
Number of tuples in Transcript : 100
Timing selects on primary keys
SuccessTimesTeaching: []
UnSuccessTimesTeaching: 
16513278
394395
285515
194150
145224
56034
56321
58431
70961
54050
63018
49288
45520
50591
54082
66558
51364
50933
49278
54903
52029
56746
53826
72884
64573
56662
55253
173603
55900
58157
51405
56329
54352
51757
64938
44702
58953
73326
54443
56162
53909
62969
57521
64651
59885
55058
65916
89582
60197
56078
65059
66610
61188
59746
60916
69292
67908
57705
110474
61182
56142
107193
54788
55108
56610
70955
57853
55155
62093
55481
68117
55644
65188
58796
157678
61148
65962
48252
66695
48381
51988
49860
44612
52895
57551
150677
49821
580167
114615
46246
41282
96102
41690
43728
40527
35331
39789
42263
41511
42016
SuccessTimesProfessor: 
UnSuccessTimesProfessor: 
41907
802901
5557
6264
3911
4012
6536
2420
14023
4616
6844
3387
5760
7066
2401
2543
8872
6926
4315
8677
5493
3398
3151
5273
3118
8042
6324
6010
4829
3690
3263
4288
2685
6095
6862
2420
1885
3149
3336
2667
3698
2593
2202
2274
2293
2772
13844
3750
2923
2521
3506
2094
3688
3092
1709
3220
16368
2754
3532
1928
2737
2055
3181
2764
2448
2923
2529
2765
3980
2868
3146
2848
7535
1912
3223
2717
2093
2226
2719
2395
3255
2419
1577
2966
2627
2410
2309
2020
1626
3017
1774
2251
3644
1957
1407
3181
1688
3682
1536
2393
SuccessTimesStudent: 
UnSuccessTimesStudent: 
181850
14713
34149
23378
10599
10325
4906
11253
9736111
7614
5356
7718
5642
2117
5110
10705
7704
4801
8415
5524
9278
9823
7159
4154
5012
6053
7529
5246
5091
6675
5376
6010
6581
4222
4766
4970
6999
6112
6243
4019
5998
6020
5493
5975
6042
5656
27899
5698
6445
4571
10173
4968
6643
6582
5918
4961
3245058
5164
3642
5669
5017
4645
4486
4082
5807
4662
3874
3943
4572
5982
4444
4480
3939
4651
7416
5420
5696
5002
4374
4897
4045
6029
6169
4973
6123
5344
5242
5113
5190
3854
4578
7981
5249
5124
6349
4800
4423
2018
5192
5537
NaturalJoinTimes: 
11958556
4764081
4159236
2344250
10636237
2609516
2509521
6191778
48723720
2157447
17105153
1838698
23957359
1909105
10841104
1686181
1772914
8254932
8478676
1930761
1665536
1676945
1786385
2252438
1532393
2441331
8355580
14585547
1826125
1555037
1795419
1683398
2048701
1742777
2667244
1561095
1806419
6309645
1771516
9362561
18287002
1503821
13921721
11155203
9662916
1388091
9932403
1661327
1419467
1918995
1439235
2294968
2104336
1407150
1370993
1726762
1895217
1376160
2830701
1450446
1871543
1823056
1687982
1215050
98526946
1338578
100143158
907421
1090136
924732
776396
1613961
11493363
1343189
1120336
1339441
1255690
13230290
1213032
1273151310
863590
1892138
776173
686711
701622
727216
1366150
672019
1219184
647527
1248779
723411
683405
1130568
635147
1098536
553428
5601140
994467
1003633
1107272
5932115
1022880
988315
571373
761301
885142
806629
1280406
841782
1061993
720469
777056
748837
1426872
796076
1141012
759627
791845
816263
791054
1636358
717427
679043
734242
668178
766620
3996073
902909
636399
690416
684218
848893
982262
783799
733010
722332
788659
745338
907648
644265
644122
962948
677743
1514870
858328
1100328
1298052
702804
693002
688397
773191
759040
629137
719228
725976
2300852
865277
778151
642127
694399
638007
617507
682120
4734144
830298
1700950
788307
666517
660040
606452
644181
1304378
673921
647277
696111
1262340
648666
684743
656098
622175
841416
651633
637956
689442
657057
630916
699153
647217
650239
685639
946314
635038
754672
654628
636109
682378
670510
627866
705321
645706
652662
684153
643306
623497
742139
649664
647368
709105
689243
644006
718432
678630
654467
833796
1130694
702014
710913
654136
664415
2735163
692955
866074
695842
656407
691711
693084
657772
632587
699157
848935
651591
687888
670484
629402
690189
662230
749074
683488
646233
626913
705245
658727
630378
690179
790436
630712
718189
682196
660229
756454
716839
673319
785812
659758
624016
702719
630401
623025
712931
643371
648758
681873
658554
628134
686431
657049
604567
814257
662816
718665
947884
1095616
664300
740534
683701
723103
705095
691101
617430
696887
654052
683111
687880
842546
627180
773948
695430
659164
793836
875132
789736
728477
692668
656948
715274
1575339
659409
721357
817741
EquiJoinTimes: 
28489190
5587607
2134391
2467110
1465064
10205465
1661216
1669229
1349259
1317829
31786619
1273791
1271481
9584118
1232970
10807163
1708649
1194723
1310093
1142809
2025072
1136458
1110789
1115745
1094662
1278110
12058438
1533894
1037970
1046207
1062526
4701729
1042819
1051584
1042774
1031821
2827419
1101189
1805846
1103085
1057784
10849228
933385
856404
1066506
1569859
1329008
572700
2015056
2650148
933280
757765
299876828
793304
659264
635161
483968
1006552
474206
425481
462955
466021
1031727
458668
432163
394669
691503
22544011
684653
651267
2417034062
567639
515045
581453
588611
602409
505581
477820
520859
1606911
539009
487351
460795
449994
464577
826201
470269
438657
475119
437315
517824
8884297
601755
457303
470290
458175
469861
428662
500465
435092
443543
414223
636426
446884
1147185
443824
893188
411562
11703023
786293
437598
417927
498744
409486
429039
414051
793370
442919
469183
444301
466244
439233
460354
445802
479965
447883
462741
432823
471089
456125
460024
436876
462384
436971
457579
436207
467188
441637
467002
436504
476085
451255
479209
481369
769397
764532
462577
439105
499553
441805
472536
441842
468074
437731
462265
440845
469881
436081
461638
480054
463901
448348
460629
438023
465910
452067
464040
498181
482334
470330
464064
437893
451267
446714
557089
438342
455185
440672
450206
426971
544470
452681
765262
742569
467952
434871
450754
422635
469383
441141
471467
441800
486636
459282
637349
458798
476472
454744
508407
453209
[0m[[32msuccess[0m] [0mTotal time: 11 s, completed Oct 7, 2016 1:01:43 AM[0m
