[0m[[0minfo[0m] [0mSet current project to root-4370-6370-project-two-w-sbt (in build file:/home/nick/6370/Proj2/4370-6370-Project-Two-w-SBT/)[0m
[0m[[0minfo[0m] [0mRunning cs4370.TestTupleGenerator 100 2[0m
Number of tuples in Student : 100
Number of tuples in Professor : 100
Number of tuples in Course : 100
Number of tuples in Teaching : 100
Number of tuples in Transcript : 100
Timing selects on primary keys
SuccessTimesTeaching: []
UnSuccessTimesTeaching: 
3919327
272821
316372
334796
133952
66191
55898
56977
58167
54958
53770
47796
55007
58760
50315
50839
56224
56076
50545
64686
60898
49170
56345
58708
65923
5004636
56042
60948
58392
54297
56878
55655
57286
51266
61299
62501
58360
51548
51416
47410
52525
46421
60629
55563
59487
56426
58003
58775
99714
48085
52678
53574
57266
56562
55522
71302
55927
55522
54883
58097
52418
56951
54588
59189
53188
73908
53263
57057
51574
61892
52901
73035
53078
51281
55451
60689
57741
53038
66348
54680
60237
55005
58063
59995
57816
84698
54813
493936
49655
65913
51021
53737
52447
55168
55183
52141
62346
54328
53829
57188
SuccessTimesProfessor: 
UnSuccessTimesProfessor: 
16697
6681
6052
6966
4736
4992
4681
8467
4897
4357
4584
3959
4778
4793
7781
3818
4509
8440
4894
4995
5517
3835
4529
4330
47613
4363
4176
4536
4111
4116
4304
4893
4703
4106
4536
4225
4072
3835
3819
3978
3820
3374
4270
4171
3875
4139
4447
4119
3978
3618
3653
4459
3881
4103
3807
4553
4240
3567
4085
3985
3839
4212
4366
4415
5629
3969
3891
4330
3787
6394
3977
4415
4056
3844
3681
7150
4239
6797
4572
7579
4244
8118
4203
4256
4885
4555
4144
4401
3540
4003
3688
3295
3917
4276
4152
3819
4356
3874
4393
3992
SuccessTimesStudent: 
UnSuccessTimesStudent: 
129606
7984
6150
4774
7469
5487
6793
6007
4682
4621
4505
6485
5153
6966
4082
6778
4637
6702
6908
7510
6947
4761
4975
5881
93536
4955
8676
9450
9128
5245
5316
4837
5413
4275
4185
5708
4298
6622
3945
4903
4644
5087
5066
4675
4599
4113
4905
5231
4914
4620
4344
4382
5038
4840
4327
10527
8305
5210
7028
5141
10399
4899
6574
6503
5072
4409
6430
4344
7845
5599
7279
4549
8922
4647
6145
5136
5096
4377
4838
6034
4315
5078
4395
4118
5418
17528
5110
10662
4389
7109
4835
4960
4580
5058
5144
4928
5187
5049
4829
4272
NaturalJoinTimes: 
12314547
4293986
4160716
3593582
3748931
3299303
2302807
14660006
1911327
1598357
5604996
2049571
1734872
5872690
11088324
1580649
6597169
1626867
1556324
5721650
1980232
1581769
1540126
5675183
5751115
4066192
1820801
1485553
1807894
5934375
5611566
1609402
1932851
9886225
1935567
1593531
1381949
1631674
15192222
1845704
23148016
1719952
4194748
1774011
1721639
10396923
1971670
11544804
2090356
1963146
10161969
2014448
2141207
5808315
2497915
5769747
2084843
2075376
9784889
4062396
2307430
4930735
1629751
1577843
5868142
4171116
5168467
4296863
5354874
1733108
6219015
3120964
3320384
8967444
1819027
5968678
2045362
6126747
6028273
1979646
14066161
2534544
4841784
2020770
1795342
2354657
1853605
1628485
5868810
1644193
1606583
5907522
1827268
18641083
5866349
1976580
1607575
1611324
1742786
9949966
14136251
3579274
1720938
7581708
10111070
1712165
1754383
8499569
9768725
4804566
1788069
6914963
1817685
1729802
12864248
1790608
1755891
5319877
3305593
1836702
1664023
1606938
1585666
1690075
1951490
2017310
5812044
4013796
1973810
1718312
1931400
1846020
1928267
4165535
1835589
1738492
1805014
1883939
1750636
1831354
5059990
1611921
2101320
3020917
1578433
1596219
1549969
1596028
2540489
1572137
1527306
2110615
1674991
1694828
1740602
1690895
1753216
1684963
1857498
4733565
3870342
1815765
3367381
1792330
5157278
1780446
5235231
1901988
1816573
1809789
1711121
2122037
2571837
7528435
1898801
2179617
1903462
1786276
2033693
1811652
3541977
1844491
1781709
1729044
1840110
1821659
1619976
1678309
3690918
1657328
1703177
1644836
5773430
1737939
1615959
1620088
1641835
2227183
1708064
2215802
4852622
1725979
1816556
1869999
3933748
1801013
7705065
2051681
1810363
1816373
1810543
1807838
1836982
1834801
1784227
1778944
1766016
2117716
1783742
6605186
1868474
2201177
1746343
1809181
1785268
1721718
9800905
1787606
1992685
2301610
2637747
1762974
1799537
6460982
6475201
1816736
5918027
5836751
1847816
5357463
1755684
5854331
1774937
1761537
3588088
3392855
1786630
5912778
1784493
8299934
2050439
2075281
17815781
5906056
1767118
1754922
5883197
1757566
5045213
6565849
3521127
1782358
1864599
1740318
1768578
2096331
4640553
1774499
1793730
1736123
1765434
1785309
1741148
1752526
1787379
1791790
1868512
1808485
1860602
1761707
1774487
2086251
1752717
1787720
1740043
2663343
5497421
1865348
1805571
1782982
1757606
2043921
2225280
1770958
1721011
2288336
3283936
1765232
1821297
3874246
EquiJoinTimes: 
20247900
8261255
3397889
4116704
3098688
2362378
1980441
4094262
1198278
5492041
5327930
3770068
5224063
1489772
8357285
5340771
1093671
1041344
7272046
13725773
1216928
972433
1005168
984622
997905
960917
1197317
1008460
1275315
5836570
1281205
1269352
9837918
1474609
1701087
1440480
16071630
6153917
5655763
4459301
1551574
16185631
4857602
1122223
1251687
1140611
1277641
6041988
2275346
9368373
1503722
1211921
1481043
1237507
1405541
1554081
1415069
10964472
19759001
1112969
5288478
1173600
1167544
1083868
5342170
1281632
1182901
1113698
1261514
1196179
1276926
1185290
1310342
1238126
1237830
1182522
12547346
1222088
1219449
1190198
1233518
4858746
1155724
1514792
1148943
1124742
1269255
1490962
7861236
1387114
1243654
1248883
1528196
1198332
1178708
1074223
1137492
1064283
3300632
1213848
1141967
1068828
1122381
9837149
1248192
1206518
1240442
1199826
13252951
1219422
3362269
1520498
1564229
1564945
1298715
1483080
1322803
1231113
1398545
1506915
3211533
1984459
1331795
1238522
1287759
9227284
1453683
1159152
1175919
1238579
1153783
1133046
2623372
1279962
1287461
1264000
1255081
1256787
1372208
1261557
1308472
1255993
6803432
2724785
1263617
1325412
1260989
1261809
2811138
1324687
1305194
1263979
1320937
1285199
1296619
1254660
3542351
1274958
4186891
1293019
16744301
1272205
4885954
5477252
5927833
12832930
2315663
3624729
1463985
6655639
2568926
1272742
6205495
1315229
1389719
1310472
1260148
1281787
2961758
1339477
1309146
1523795
3618072
1285356
1794806
2653668
1288325
1631948
1277985
1232369
1271766
1234793
1277204
1230599
1281666
1248971
1256686
1242208
1564003
1275450
[0m[[32msuccess[0m] [0mTotal time: 4 s, completed Oct 7, 2016 1:01:12 AM[0m
