[0m[[0minfo[0m] [0mSet current project to root-4370-6370-project-two-w-sbt (in build file:/home/nick/6370/Proj2/4370-6370-Project-Two-w-SBT/)[0m
[0m[[0minfo[0m] [0mRunning cs4370.TestTupleGenerator 2000 1[0m
Number of tuples in Student : 2000
Number of tuples in Professor : 2000
Number of tuples in Course : 2000
Number of tuples in Teaching : 2000
Number of tuples in Transcript : 2000
Timing selects on primary keys
SuccessTimesTeaching: [350768]
350768
UnSuccessTimesTeaching: 
8047128
551191
322735
305419
410872
5703161
415846
289647
192686
368633
208023
182456
191728
194854
241369
207853
197260
197451
175199
255237
186703
180721
184656
201927
184407
189856
193152
187885
182480
178899
196426
183560
1065040
302116
267222
254197
215344
189551
195867
212766
227282
197406
202307
210787
191604
193759
194887
210928
228599
194771
195315
239111
208248
198047
194438
301710
236736
220752
181006
180791
195704
177838
188453
178627
183578
214627
198210
186110
252227
193626
186567
249027
179915
181711
227012
188217
179443
208378
185920
178769
185271
199076
184281
186054
183074
204681
251808
181385
181240
179990
207326
187543
190542
189295
183700
188541
183550
181193
178486
SuccessTimesProfessor: 
UnSuccessTimesProfessor: 
10430
38834
2957
3162
2879
2218
2578
2356
2491
2221
2490
2284
2055
2272
2178
2247
2024
2481
2197
1985
1902
2024
2621
2114
2232
2610
1847
1960
2007
2390
2487
2239
2129
2060
2036
2171
2121
2306
2109
2286
2086
2199
1869
1927
1842
2084
2756
2067
1799
1847
2156
1749
1962
2734
1778
2143
1899
2139
1881
2013
1921
2031
2014
2370
2171
2179
2322
2838
2264
2554
2279
2252
2499
2146
1832
2738
1825
2517
2249
2465
2071
2132
2152
1919
1996
2182
2011
1916
2017
1769
2336
1870
2222
1825
1847
1970
2030
1837
1813
2255
SuccessTimesStudent: 
UnSuccessTimesStudent: 
325108
78800
8224
12168
9143
5367
5689
7949
7625
6958
5878
4758
4478
5345
5583
5000
5328
5502
3500
4371
5535
3704
3910
3787
3964
4179
4491
3598
3844
4365
3975
3901
4460
3793
5141
5182
4448
4874
4166
4150
4442
4236
4101
3674
4377
3955
4824
4642
5709
5080
4280
4786
4053
5936
4906
4235
3998
4467
4531
4098
3887
4884
3522
4292
4129
4290
5410
5531
5013
5985
5067
5199
6128
4530
3897
5561
5022
4631
4962
5072
4085
5283
4653
5214
5014
4241
4562
4973
4505
4221
4651
5221
4247
4390
4157
4594
4854
4085
3762
4211
NaturalJoinTimes: 
28278999
28053463
31646640
20145675
20687679
18821881
18202682
18368284
19938952
17190132
28847461
33353901
26787080
39209214
28859588
13169490
17865670
15657496
81564593
32954290
21354817
12311023
12861170
11749117
11744842
11151988
11934884
14238738
12293968
11248180
11502071
10889313
11520089
11664532
10963770
11579841
13519041
10932911
11002694
11593389
13447704
11393457
11347251
10630586
11004765
11297689
10646262
11609388
11862987
10648995
12224660
11122079
11411859
11173784
10053565
9608282
9272999
9219920
9905702
11145548
9138902
9514025
9640455
9882315
9415130
9465740
9849908
9386167
9604462
9606871
9670303
9876672
10386593
9211154
8914278
9685604
8832402
9256534
9629833
9337679
9199611
9627893
9372011
9591453
9580489
9324012
9525994
9549881
9329136
9599600
9382507
9265548
9604797
9472412
9382925
9933824
9731879
9996318
9992217
9704677
9718192
10120437
9939855
9777198
10240578
9996410
9873471
10468774
10177833
9854134
9846104
9418767
9452112
9994086
9577310
9540462
9581020
9659098
9629876
10027160
9489685
9517324
9730892
9724953
9667663
9714619
9663436
26727517
9693454
9567532
9347132
9454178
9490140
9312018
9289745
9804726
9386602
9684096
9664731
9580387
9637220
9767029
9486048
9654466
9685733
9472406
9897610
9438875
9590914
9805531
9626536
9527673
9637264
9804625
9280030
9782600
9809629
9497703
9715133
9665242
9416760
9747965
9207151
9196508
9176954
9313571
8660592
9028412
10038296
9322036
9151346
8885726
8685622
9285211
8913162
9065879
8883868
8894363
9003642
8844390
9221740
8779013
44227207
9376206
8669432
9063180
8851262
9136604
8776442
8956960
8799925
8856655
9274484
9284466
8882324
9471412
9058784
9713368
10194039
9832667
10575171
10490235
9532873
9876378
9142302
8785946
9273978
9162737
9985987
10218532
10433966
9642522
10046168
9993794
9964959
10403472
10217156
9856848
10073326
9919644
9364955
9641146
9927853
9675392
9812076
9794259
9849428
9887742
9847207
9576535
9954502
9857179
9799775
9814039
9721392
9373766
9648223
9561453
9492320
9807162
9605908
10094071
11076818
11160869
10265838
10990650
9864906
52686057
9626275
9640683
9726998
9759453
9784213
9576326
9706360
9838226
9286589
9635575
10014591
9517941
9954531
9860114
9360833
9443758
9798319
9385826
9702480
9708241
9376171
9738169
9924293
9310626
9744559
10475407
9695464
10188523
9942034
9569781
9771682
9372405
9655866
9945922
10186615
9659180
9624849
14520609
13718011
9837002
8931198
9141110
8923214
8910041
8787855
9149800
8807306
9060530
8900952
9405325
8748335
9035565
EquiJoinTimes: 
66947467
45263238
21164754
14639189
13441907
24939873
11237640
11648176
23284823
25408501
10306709
8432767
9968058
9551878
7075605
6058229
6558689
6156624
6064218
6275698
6107504
5470321
5885206
5982331
6129642
5867783
5992273
5883286
6703175
5848123
6054675
5879839
5856121
5547156
5802965
5859733
5771564
6207610
5439062
4704042
5453390
4954684
5297750
4806949
5167746
4789813
5210943
5107422
5091109
36528238
4746742
4895556
5024758
4728817
4972932
4892676
4985716
4740392
4947639
4751766
5073993
4790451
5024481
4786363
5198005
4933730
5009369
5174060
5231263
4914630
5135611
4785600
5226165
5283831
5141926
4729589
4991632
4787083
5027543
4720586
5249789
4979933
5197389
4891938
5047437
4767555
5033317
4797054
4878304
4707464
4972507
4741609
5159372
4911570
5116022
4825362
5117952
4944256
5106137
4774412
5188199
4874232
4982934
4778395
4799812
4700244
5115287
4746601
5191669
4840710
4743997
4547974
5339319
5012007
4985059
4395870
4697197
4401647
4601257
4404481
4584137
4373287
4815294
4677744
4685623
4401875
4625152
4458883
4623245
4429157
4668920
4735512
5578629
5182236
5216995
5176362
5136766
4898610
4802415
4681083
5137952
4854124
5237499
4862339
5359925
4922590
4661992
5744646
4999505
5052762
5128862
4770522
5442261
4792746
5080345
4983206
7337616
4801232
4929927
4785658
5049498
4869748
5750478
5427756
5707412
4852129
5099018
5096342
4976079
4752905
4970144
4927013
5175336
4828417
5003906
4784433
5037301
4760904
4942445
4800525
4983006
5090216
4978412
5008366
4991743
5007949
4988967
4713008
5238604
4954022
5248985
4776427
5177571
4747641
4691061
4628030
4678232
4409454
4582711
4392262
[0m[[32msuccess[0m] [0mTotal time: 7 s, completed Oct 7, 2016 1:04:22 AM[0m
