[0m[[0minfo[0m] [0mSet current project to root-4370-6370-project-two-w-sbt (in build file:/home/nick/6370/Proj2/4370-6370-Project-Two-w-SBT/)[0m
[0m[[0minfo[0m] [0mRunning cs4370.TestTupleGenerator 200 3[0m
Number of tuples in Student : 200
Number of tuples in Professor : 200
Number of tuples in Course : 200
Number of tuples in Teaching : 200
Number of tuples in Transcript : 200
Timing selects on primary keys
SuccessTimesTeaching: []
UnSuccessTimesTeaching: 
4209626
601580
153918
90247
92506
85546
86096
91309
86405
90421
90700
98574
108190
55698
69485
92213
93679
118228
55151
59272
44632
51465
50997
58620
41343
39839
49644
43879
56752
45391
43728
41973
43296
42639
56814
41626
42995
39329
38343
43213
41696
47264
41332
44992
45642
48450
49305
49724
56793
46410
43946
45062
60068
48062
46183
42325
42860
43253
77946
43400
44079
45474
43731
46162
55600
45974
45063
41937
48124
50750
48694
46530
44163
42403
55898
42107
42852
43670
55351
44201
54008
45350
43906
43579
44291
42931
52308
85352
46349
46149
162407
104619
126810
80860
88977
68061
88027
77046
50446
44060
SuccessTimesProfessor: 
UnSuccessTimesProfessor: 
27471
7866
9514
7834
6292
7617
6665
8329
7387
8648
2026
3375
9097
4457
3517
6481
7388
5154
7880
3559
4234
2821
2029
2548
1867
2574
3553
2892
1691
9654
1585
3073
1962
2089
2530
1502
2828
2105
1690
2962
4755
3015
2222
2998
2101
3560
4135
2440
3950
1711
3272
2273
2681
2922
2345
1996
2138
2271
4614
2397
2286
2308
3442
2289
2326
2736
4356
2373
3306
2641
3477
1706
2029
2079
2714
1864
2337
2542
3408
2128
2788
1594
2348
2788
1557
3024
3025
2097
1615
2389
1749
2290
1686
2433
3362
2148
2135
3784
1567
2276
SuccessTimesStudent: 
UnSuccessTimesStudent: 
196505
29126
30416
8025
9716
9914
9461
9290
8000
7673
7525
7398
7252
8024
11404
7471
9291
4711
7507
8435
4580
6581
5670
4961
2766
3915
4571
3549
6606
4040
4883
5475
4321
5775
5941
4395
4818
2853
4866
3334
1809
5515
5550
5371
4939
4141
5440
4507
7700
5786
4296
6046
7543
3918
3718
5007
5553
4702
5546
4708
4346
6610
3543
4245
6311
4908
4954
3942
3549
7406
5143
5167
4728
4935
5947
3004
4532
4828
2995
5615
7043
3911
3573
4647
3024
3158
5202
3697
4162
4535
3175
4091
7435
4887
7440
4660
3185
3633
4038
4823
NaturalJoinTimes: 
6807157
7895929
6550958
5264001
6053329
4127708
4131230
3850407
3953114
3298822
5017761
3241933
4010304
4637770
3116280
3067845
4706687
4031833
3884307
4926855
3014188
2975530
4559000
3606470
2959637
4670745
3041466
3863269
3590373
4022696
3073128
4742844
2675416
3666800
4538601
2811722
2654603
4281683
3520614
3396624
4109291
2526751
3267440
3282301
3561116
2388332
4204322
2430863
3295910
3050377
3149904
2112044
3810016
2172511
3095383
2680943
2266700
1519661
2607011
1302710
3710370
2860256
1344124
1316584
1607301
1356549
1140241
1524963
1282162
1166674
1644893
991811
925741
1183839
910667
962925
1238018
1064855
986952
1278399
951867
971228
1225473
1009906
1153718
1467206
1062181
1051299
1233187
967684
965065
1246145
966068
996077
1225996
982828
953252
1247134
946000
996515
1207463
978638
1072897
1337784
961723
977017
1233546
950377
1014938
1292792
937877
948002
1229218
1028107
954100
1209878
1129589
1134837
1240603
928804
1004325
1538584
978286
993800
1209222
1153031
950877
1432851
1062464
1124017
1251316
931026
1047973
1194108
993340
961325
1379388
1260206
1068182
1377035
1185975
1103345
1344258
1051176
1239879
1810472
1160287
1581222
1422233
943286
999459
1198606
1126426
997901
1224508
1080152
1010499
1311446
980984
1046972
1266094
995933
952870
1206636
1129284
1016786
1237287
1059084
935967
1220930
929873
1256999
1254403
1060178
971665
1461066
982956
950609
1245300
1171810
958755
1237428
940847
991290
1314535
938473
952010
1209926
920669
945192
1332433
1097168
939693
1226617
925138
958453
1212296
915199
948992
1185884
918246
930588
1231991
922367
1082242
1290106
1015876
1198323
1258677
967610
997228
1265580
997333
970711
1272593
893810
953807
1158948
903115
1069399
1139210
1006620
923593
1120935
896877
924933
1169048
918025
932647
1206406
954692
966512
1199597
917293
954143
1195203
913233
985663
1210885
1016415
931814
1177154
911590
935884
1198100
918712
926418
1156601
948959
937281
1222266
927553
926804
1212994
909788
963444
1169099
956713
1091738
1281534
986786
947630
1180535
940798
924771
1183025
925872
936371
1202777
932433
962164
1219272
939980
939602
1211173
962855
1084699
1350627
955546
1013679
1200178
992679
964498
1201038
924656
936506
1198133
942826
948434
1176219
975357
986463
1266073
962121
985925
1261972
942583
937065
1172494
912594
EquiJoinTimes: 
14428395
9790637
4349812
5045173
3866108
2908951
2633284
3473158
3485294
2688004
3167248
3574898
2584493
2472955
3552509
2583087
2456524
3300355
3363844
2453862
2483920
3362891
3257979
2237880
2440150
2675742
2250466
2129163
3364482
2392641
2171366
3110574
3118691
1959242
1990751
2721693
2780579
1813431
21152170
1145713
1257298
1108168
1107732
1067906
1052010
1130846
980201
947309
1046587
737268
806070
766326
904596
807287
809611
754668
920667
799737
923400
832933
801706
730339
797946
745212
805966
749672
829114
745509
851720
795308
802244
724120
832494
735414
803594
749742
817888
736936
800974
773944
838339
783839
800316
847408
826691
737824
829056
853091
828574
749650
807964
754521
910493
846856
898165
815019
895170
857120
796821
1232752
786788
887004
806586
732209
850620
863166
797619
753195
850729
817977
805424
735184
793033
740681
823434
757203
889950
790663
795410
744886
809335
807472
818734
832473
835798
791913
832046
742951
858894
763740
805717
728818
791202
732345
801491
795215
853320
873661
879590
14064625
843013
756283
844146
758510
772015
701259
811465
723775
822110
744725
765186
710628
809252
728678
798472
730422
798634
728678
805752
739762
846043
755860
814872
734161
822261
739939
787427
739408
796278
731327
791139
729601
796814
786007
893739
745634
782022
722583
801319
728982
1217675
866125
855840
771446
838565
761248
789963
848157
909951
852819
826175
751162
803557
755947
836828
769259
864789
773008
781049
764662
[0m[[32msuccess[0m] [0mTotal time: 2 s, completed Oct 7, 2016 9:32:35 AM[0m
