[0m[[0minfo[0m] [0mSet current project to root-4370-6370-project-two-w-sbt (in build file:/home/nick/6370/Proj2/4370-6370-Project-Two-w-SBT/)[0m
[0m[[0minfo[0m] [0mRunning cs4370.TestTupleGenerator 200 2[0m
Number of tuples in Student : 200
Number of tuples in Professor : 200
Number of tuples in Course : 200
Number of tuples in Teaching : 200
Number of tuples in Transcript : 200
Timing selects on primary keys
SuccessTimesTeaching: []
UnSuccessTimesTeaching: 
3682269
617711
124137
88349
69361
77029
77827
81503
64720
75935
91257
73327
78706
67549
86550
73386
71491
68824
76526
69483
71297
79562
72452
73638
92732
100312
87966
101799
89958
99951
91910
90700
79353
88574
87272
92325
87347
71850
69522
92172
73915
94124
74926
102607
92044
95683
77325
72172
74416
77593
94042
89438
83745
86290
80724
96326
90556
75545
78230
70636
88354
70402
96452
71477
69093
98121
70898
70329
72991
69976
67307
74477
66629
70965
69701
80817
73165
71775
87892
67708
71033
73739
67649
71810
67817
72425
71923
96202
84879
74129
72530
87445
82593
68296
73703
68380
76351
68947
67667
71847
SuccessTimesProfessor: 
UnSuccessTimesProfessor: 
15313
5400
17340
6500
4152
5382
4974
4828
4384
7262
5494
5264
4809
4070
5214
4398
4619
4089
8200
4104
4003
4576
6606
4524
6094
5424
5593
5239
5158
5696
8096
5169
4800
5377
5676
5149
5225
3798
4262
5426
4173
7296
4104
7607
6405
5185
4777
4954
4066
4820
4959
5232
4573
5012
4138
29319
5092
2602
2702
2372
3180
2440
3765
2763
2560
2389
2350
2568
2492
2595
2541
2278
2479
2282
2861
3161
2716
2162
2852
2371
3135
2276
2722
2339
2251
2434
2702
31367
4003
2552
2425
2630
2911
2158
2398
2521
2424
2458
2553
2405
SuccessTimesStudent: 
UnSuccessTimesStudent: 
130538
4954
65838
6980
4551
6367
4878
5979
6909
6453
6659
4504
4730
4475
6663
4388
4696
5066
4962
8257
5284
5248
4571
4649
6759
7480
10460
5634
6817
9241
7152
6451
4813
8017
7268
6101
5368
7077
4727
7896
4973
10621
4797
11132
8448
6257
4965
5391
5517
5119
6158
7130
4964
6924
6214
5936
9337
2969
2899
2729
5254
2527
4912
2622
2858
2846
2802
3311
2745
3427
3114
3137
2926
2609
3342
4789
2824
2856
5316
3075
3773
2854
2946
2996
2741
4066
2983
74352
6266
3150
2856
5812
5814
2736
2984
2722
2904
2808
3144
2614
NaturalJoinTimes: 
6231037
3657754
4283458
2802201
2934870
2866415
2839528
2848151
3151813
2884378
2866708
2969189
2790570
2911209
2820236
3701080
2893360
3159599
3660164
3106736
3350556
2853774
3832941
2803879
6268126
3881207
3053293
3829679
4676335
5410506
3587364
4003424
3682722
3625124
3670042
4074815
4205807
4336680
3700792
3678444
3757301
3902325
4691977
3843666
3577929
4470547
3973897
3584724
3600043
4512162
3537164
4414792
5122621
3553953
3577998
3602547
4645204
3631344
3779137
4422052
4478697
4430863
4030145
3306942
3270142
3181572
3568816
3304726
3268509
3228478
3248299
8059491
4918793
3834968
3848841
4467884
3934871
5603352
4059398
4888762
3822385
5765751
8843084
4833100
3470274
4408243
4749239
4182535
3948339
4009968
8068243
6392256
4844947
3443603
3316168
3588703
3306111
4132818
3901592
4307132
3851047
3810688
4511546
3897902
3753567
3655493
4948692
3834676
3189889
4239159
3182675
3459139
3661614
4092795
4854106
4063151
4073089
3218700
3277852
3202030
3160321
3687574
3438352
3166891
3315366
3176748
3163144
3704674
3840613
4848243
3965190
3932789
4067302
6216952
3908907
5272520
7614271
3298414
3170570
3310671
4091028
3275838
3347222
4061142
3164049
3240543
3633603
3180342
3837541
3935171
3318228
3512216
3653676
3416011
3225793
3638661
4076879
3304129
3852666
4101961
3232762
3248295
3123589
4398946
3238694
3187135
3196053
3549352
3581640
3173320
3057165
3210568
3351330
3170631
3192789
3210825
3415143
2834107
2953022
6611148
3529364
3596937
2937892
2941037
2937012
2967928
3115372
3368397
2934590
2872501
2946501
2968415
3035360
3201526
2955787
2904822
2958385
2900440
3201724
3156295
3229114
3482317
3278178
2938830
2956009
2930766
3200881
2939498
2902035
2873433
2899713
2931162
2912933
3081624
2967454
2937309
2931675
3100616
2934132
3204092
3115929
3421487
2932219
3155022
3541809
2950234
3372582
2996752
2946317
2948439
2932876
2987000
3254779
3344454
2923950
2975552
2955442
2896020
2946213
2985701
2918811
3016889
2935008
3214374
2971036
2953052
3502865
3190880
2953907
2918686
3101934
2995647
3101794
3219826
3375577
2952630
2992616
2947447
2874109
3260574
3157494
2955502
2962259
3220118
3634003
3352075
3229483
3529149
3259060
3151406
2890583
2994073
3382223
2955049
2996669
3012676
2912057
2974134
2979237
2935909
3033312
3161424
2999376
2970845
2978590
3235653
3385302
3007464
2923930
3477105
3439873
3324298
3085102
2967054
2946362
2988016
2975477
3208363
3417996
3084562
EquiJoinTimes: 
13520654
8012610
2525191
2200141
3406167
2414660
2584661
2314010
2062224
3089403
2337029
2222489
2130978
2177752
2283745
2284136
2141653
2086370
2553161
2917049
3317325
2852652
3566406
2657729
3699939
2890206
2698958
3614294
2807511
2640507
2685505
2622401
2701505
2636384
2718781
2644837
3251812
3048823
3022570
2881742
2869105
2997966
3679456
2469472
2356559
3184143
2834224
3246096
3083182
2985900
2734619
2931143
2729019
2739441
2662759
2701511
2836440
8298775
3046535
2967001
5083992
15218025
6757669
2782688
2528985
3396728
2761994
2781069
2874044
2722272
2705635
2665041
2792973
2597079
2320629
2418216
2406702
2481511
3561379
2281824
3184513
2318511
2476095
2603530
2321837
3179613
2463069
2317138
2952300
2807559
4923561
10641851
2357198
2261466
2413229
2679227
2322415
2276106
3737735
2351354
2878482
3727593
2359117
3178372
2366355
2237016
2284139
2213841
2293987
2244774
2710231
2276680
2753227
31436954
2583291
4965057
2173205
2128597
1996865
1927724
2636460
7430401
2276967
2046467
2485192
2353339
2047834
2047810
2070783
2067524
2086029
2084041
2014264
2017489
2013411
2040769
2049615
2048584
2307878
2065188
2203460
2287595
2134890
2359288
2067695
2033720
2064393
2084508
2110545
2050467
2102846
2062459
2064246
2117872
2080118
2049299
2107357
2070710
2091543
2033936
2309961
2295844
2060088
2386227
2267035
2587542
2079526
2082824
2059538
2113197
2069835
2075488
2124456
2113888
2803069
2189416
2604949
2634645
2064874
2159004
2091936
2092559
2077281
2138329
2463396
2105864
2349362
2261729
2060279
2092588
2083396
2335675
2065263
2106504
2113674
2047475
2149593
2179757
2087882
2162413
[0m[[32msuccess[0m] [0mTotal time: 3 s, completed Oct 7, 2016 9:32:28 AM[0m
