[0m[[0minfo[0m] [0mSet current project to root-4370-6370-project-two-w-sbt (in build file:/home/nick/6370/Proj2/4370-6370-Project-Two-w-SBT/)[0m
[0m[[0minfo[0m] [0mRunning cs4370.TestTupleGenerator 200 1[0m
Number of tuples in Student : 200
Number of tuples in Professor : 200
Number of tuples in Course : 200
Number of tuples in Teaching : 200
Number of tuples in Transcript : 200
Timing selects on primary keys
SuccessTimesTeaching: []
UnSuccessTimesTeaching: 
3917257
615076
165726
75306
117213
102828
121605
86437
88816
113329
83305
81698
85713
77640
63035
213740
60233
73600
60271
57405
84824
84694
80986
87676
79049
118717
68146
69449
82835
53741
96142
118769
94155
47903
101547
80799
32701
44976
36768
44342
36075
32013
42481
47975
43293
41936
64148
38650
35560
47399
44244
43391
41726
83413
53546
48182
45565
35227
56327
59943
57277
48916
47707
34904
37859
47882
41130
36218
41319
32179
49707
40879
35091
41059
34656
31586
35082
33767
40924
41564
40703
32186
256040
102543
39119
35215
39381
68750
57484
45771
267620
199950
144825
52922
46844
46150
39452
64147
49842
45497
SuccessTimesProfessor: 
UnSuccessTimesProfessor: 
10472
2774
3080
2950
2833
2639
2911
3014
2927
2320
3270
2694
2745
2546
2719
2316
1446
1956
2450
1623
6097
2576
2922
5280
3314
2517
1683
1658
2135
943
1548
4507
1561
1912
1168
1929
1065
2075
1289
1845
908
1001
1638
2310
1304
1414
1041
1258
3630
1731
1455
1137
1118
1952
2458
2045
2091
920
2349
3533
2592
2038
1864
810
922
4239
1681
1035
1359
929
2464
1049
970
1607
943
1325
938
1087
1448
1447
1508
1123
1050
1709
874
798
986
910
2272
1686
1281
1783
1572
1483
1049
1010
1079
2128
1162
1181
SuccessTimesStudent: 
UnSuccessTimesStudent: 
133176
4309
4675
3512
4204
4001
5257
3509
2612
2626
4009
3809
3256
5675
2735
2990
2861
3938
2989
2487
3741
3001
3184
3724
3019
3007
3021
2195
2794
1678
2378
2319
3702
2457
2016
2218
1837
2669
1796
2269
1709
1276
3552
2848
2334
2053
2313
2371
1782
5220
2534
1990
2419
2010
6168
3248
2541
1808
6166
3672
2751
2269
1945
1707
2480
6331
2433
2048
2078
1410
3308
1840
1900
2936
2233
1815
1815
1562
1536
1955
2228
1624
1750
1853
1830
1361
1458
1879
3395
2191
2739
2105
2674
2480
1817
1455
1465
2425
2056
1449
NaturalJoinTimes: 
5321879
2500995
3288847
2700674
2549313
2456477
2415191
2560992
2312103
3122330
2453046
2298745
2030631
2978666
2059395
2004452
2031003
3213706
1926129
1979657
1997444
1937953
1949585
1980103
2691338
1703021
1607403
1626661
2760678
1706274
1553706
1233395
1384593
1301621
1356364
1488251
1227958
1407501
1309815
1424120
2231669
1157632
1321353
1194226
2283849
1147476
1167420
1136141
1132495
1195971
1180164
2185775
1350017
1172276
1157085
2025677
1122550
1214854
1319703
1468169
1330029
1371439
1367462
2301002
1312057
1292126
1415781
2281870
1341176
1506496
1228410
1460194
1124053
1180506
1172789
1027081
1014261
968096
1869960
1010434
984810
1032466
961324
1876018
930031
968876
937326
927032
933543
993583
1032093
1902580
931857
932250
947889
1070201
992883
1008497
935420
1832994
943343
943327
943099
1830275
966236
910029
941687
920041
940231
1037930
996314
1806110
951227
938084
904220
958993
2073869
943629
939223
935985
930249
944367
932582
972731
1835967
943073
935940
1128689
1104516
1120052
983606
919733
1829641
1005186
978845
939855
1873806
928930
908201
937421
921731
905208
951686
957588
1783371
1018795
946699
1024190
983524
1808894
903690
967625
951734
916851
922638
962560
915224
1940926
923604
1043722
1085301
1041897
1048372
1025803
1052841
2045720
995961
1030075
903001
926998
1829083
1092340
1072756
1482258
1144547
1105502
1155184
1073321
1270865
1114851
843488
7057284
3052975
756804
1678954
4496648
964901
972046
903789
907157
781982
764974
1432076
1928495
1245387
1015796
825330
964316
742843
753583
733437
724287
743734
797804
714918
725039
729939
878294
749056
807897
766428
727822
736837
710332
769638
790739
719284
737549
758850
720713
726652
733841
726112
729581
744319
750524
724621
732934
715096
776023
753949
734657
736891
757656
726837
748006
890935
832750
925495
768803
756696
741425
740490
731250
755375
742635
764626
749748
802192
757481
741766
748158
733526
734821
747420
754435
751207
743162
731293
793536
756275
1298023
876381
856937
875724
817184
770275
731041
770929
750193
772189
743571
841193
930259
857860
859842
833526
818064
867721
746202
731895
744583
729006
739863
756887
754251
731925
741450
759772
842396
1004059
743515
749804
772594
726109
724623
749503
728970
741519
772525
EquiJoinTimes: 
31706495
7155817
2131196
2148367
1928884
2931590
2013341
1642021
1670596
1561639
1397388
1397468
1343050
1420439
1238614
2259924
1107741
1297351
1068666
1194733
1156056
1122998
1874905
942245
970282
1857380
1082381
967538
814558
871573
921382
824122
821700
1616292
924641
815582
815482
770791
825700
754480
1726602
817983
939499
927435
994233
916113
915625
969136
767898
705771
822143
1596950
660227
652625
697725
621318
617720
603416
602358
1453759
623340
615716
612437
565061
1485389
572708
606930
580050
607861
571413
723727
572631
662584
619984
647059
580230
607036
565519
624561
616770
598073
1458601
595831
679003
617957
589481
1659721
583440
616329
562054
637776
601008
608809
564578
1489780
563808
602509
559271
703195
616781
606450
577341
595872
1461009
601835
558140
695928
679552
1574243
740521
692079
626790
609530
632034
601351
557316
1519414
685186
749217
673284
793809
19377498
436545
408404
622731
580035
419841
405615
435396
398197
832398
876198
437280
420131
433309
404024
429377
402808
429837
433735
610107
423944
430447
401510
429433
403863
440217
407102
430348
420784
427353
458022
426157
408524
428412
402062
451516
412892
445378
469165
441968
409085
438439
405976
511533
451123
438111
416297
451616
411351
441056
410962
435992
410103
1511590
490925
557209
466211
441832
416006
446960
414389
735496
491776
494704
470583
444925
412693
459896
414465
438879
407657
459217
462805
461042
431729
438767
412557
452036
426101
[0m[[32msuccess[0m] [0mTotal time: 2 s, completed Oct 7, 2016 9:32:19 AM[0m
