[0m[[0minfo[0m] [0mSet current project to root-4370-6370-project-two-w-sbt (in build file:/home/nick/6370/Proj2/4370-6370-Project-Two-w-SBT/)[0m
[0m[[0minfo[0m] [0mRunning cs4370.TestTupleGenerator 5000 2[0m
Number of tuples in Student : 5000
Number of tuples in Professor : 5000
Number of tuples in Course : 5000
Number of tuples in Teaching : 5000
Number of tuples in Transcript : 5000
Timing selects on primary keys
SuccessTimesTeaching: [1100746, 571509, 478347, 566307, 379212]
1100746
571509
478347
566307
379212
UnSuccessTimesTeaching: 
18166167
1327320
653888
548168
487569
446183
441190
424562
410567
399518
392330
413282
436531
382338
440037
508060
518110
468547
499703
477926
418019
412054
417216
411355
423483
390462
445786
398217
387878
400194
391869
420517
415296
432217
484699
447307
432101
437188
430605
434326
472755
393268
404655
388335
402271
413296
400469
391562
487550
499484
511191
469301
467477
454825
421261
467232
409808
436704
392436
416290
413387
386728
392688
405196
379380
433957
379393
390816
419740
392636
419867
434195
392071
385298
379270
416082
414663
387657
397655
406273
383163
423740
444466
404998
405037
429897
558003
413136
393112
404479
398708
397351
417952
563688
441361
SuccessTimesProfessor: 
9434
6822
UnSuccessTimesProfessor: 
14544
37967
3310
3276
3297
3052
2855
4222
3561
3619
3357
3963
3516
3931
3903
4241
3903
3315
4139
3914
3791
4522
3950
3548
3842
4144
5091
3758
3790
3637
4099
4008
3909
3926
4292
3790
4054
3997
3797
3882
3869
3409
3401
3679
3587
3714
2997
2980
3133
3522
3380
3629
3300
3053
2963
3071
3287
3092
2997
3195
3189
3093
3506
3079
4172
2804
3070
2894
2851
3186
3126
3320
3492
3188
2871
2920
2940
3088
3372
3035
2953
2747
3272
2880
3511
3198
3338
2975
3023
2928
3216
3206
3308
3141
3215
3138
3171
3955
SuccessTimesStudent: 
8997
UnSuccessTimesStudent: 
151002
12040
79715
44079
6138
5684
6707
6223
5965
5460
6046
6415
5072
5494
6761
6962
5977
5652
6172
5992
5778
5716
5846
5008
5100
5523
7034
5030
5450
5646
5379
7000
5631
6048
5475
7093
5787
5510
6273
5872
5379
5794
5566
5531
5711
5691
6413
5843
5145
6530
6314
5363
6009
6144
5489
5828
6975
7219
6171
6729
6736
6751
7071
6958
6967
6660
5852
6600
5831
5962
7370
6466
6683
6664
5818
5743
6267
5863
6314
6261
6105
7477
6161
6289
6331
6688
6266
6510
6627
6925
6161
6829
6699
6994
6733
6258
6978
6563
8021
NaturalJoinTimes: 
142310464
220458621
101171278
232100704
89774963
131506577
131591156
55653778
56091580
52777415
48792109
48949215
47538672
54326544
43929061
47063729
43493038
48742777
51638238
48269506
51857606
124481814
48141538
45661770
45971924
43599487
41898677
45105708
43914315
45489762
45941340
43985571
44802062
43918967
42837978
44027113
42002605
37236175
38159450
40084367
78859531
39872415
41085719
40886633
46431140
44844592
42285688
49730913
46090356
43679735
44839463
45719936
44713895
42475554
46959577
45567833
45586436
45964963
44949314
46708002
45978194
41922944
46805538
44407333
43488955
45520664
41827248
42011039
44606409
43134141
42784129
40012645
38468353
42565981
45472113
43424924
41596525
43035026
40872304
39093462
44840374
80561736
40223515
41324933
40699216
40357868
41270437
41271399
41912235
42454409
42182322
41097724
42775643
43305169
43149956
42287349
42711710
42154276
43378266
45872376
43790083
44755856
44977608
83696805
47281592
39615000
36794911
38621196
38884580
36619817
38977107
38487041
36969399
38937773
39292532
36945414
38756528
38706835
37613815
39134000
41013972
38231340
38375476
43645475
38614340
38920245
41411966
44181017
42034577
43126881
44932590
43452796
43465152
40462280
40774349
41300376
40929015
42691438
42283196
40989425
43128945
43520636
42208006
43519971
44043810
43426190
43298201
79346711
43126648
46002248
44420721
43755694
44380730
46019376
44602012
45703902
44895880
43922113
43087699
40498492
43500910
43535008
40486049
42271677
43369703
44345491
44940424
45246868
43863381
43408350
102773365
45055722
46359079
45330172
43328208
39497985
37992150
38095675
38228481
42357213
44220639
41500439
43605750
38118254
38797421
40875822
43412251
44253886
43034389
45160515
43703900
41161538
41902937
43131203
43713643
38342539
39778518
40032835
44097038
40924041
40403706
42493205
40105809
38836863
45219779
42194544
38622667
40068224
37653990
38350520
41240199
39879615
41483766
46551949
42343288
44304807
42407700
43601824
43248684
44086741
42474655
43881121
43580281
40947042
42037944
42257427
41382200
40941360
40695329
39744026
41409997
43038195
43772053
44614378
40789403
43784089
40870680
51660955
41399153
40648365
38962324
42128380
44922175
46686687
45917714
45189591
43620513
45090105
40413891
44882919
42654726
45311094
38898671
38637409
39316569
41787139
47827645
45782880
44968033
41682826
45319554
45454755
45250242
46359396
44516973
45029400
46399801
45166252
45004514
46254398
46307456
44238799
42370106
42405402
41908896
42051616
41636504
41695453
55741810
45456896
45151238
45417625
45011352
41234877
42458089
41086045
41581045
42055633
42605909
42343841
43138753
43623269
42993659
43374664
43012886
39008911
39437569
39967970
42352342
44521379
EquiJoinTimes: 
164241831
102097187
58143130
102952052
61747769
83576314
27411525
26279060
24530000
27972714
24443535
24420512
23164531
23224268
24798240
23750213
22258500
21969834
20197906
20561717
22223076
22284981
22167334
21308658
21024812
20543380
18434139
18105548
18572568
18509639
25846022
21733837
24062629
22460070
23448806
22435692
22236215
22744447
22773562
21747245
66683274
21398456
22349236
20627713
19574433
18745780
20629306
20215490
18409117
21546377
21855514
20711071
21516953
19509891
23284830
22862043
20909435
19235462
19955620
19368579
20954531
20045164
21302056
20518515
21712200
19850036
21475997
20891364
22394762
21077695
22608939
21276078
18814328
18742314
18509163
18856675
18260400
18694019
18984303
18659158
18455912
21583405
19013179
23786873
52855387
19990557
20707376
19716526
21883908
18887510
20674389
19912367
20382416
19684053
21258868
20659347
21292102
21066537
19877835
19054886
22275520
21367863
22238777
22503303
22069897
21959802
20997231
21095365
21958573
20733322
20898372
21026713
22158158
21586670
22994615
20629550
21522441
20222279
18893720
18109516
22115335
20724935
20262794
17902538
22032450
20889015
22240877
20743965
19394499
38096090
22323380
18298595
22540051
21294373
21216385
18119751
21025339
21392977
19014685
18131231
19149350
18471009
18838479
18436033
21807647
26869123
22405786
19977099
22138480
20228189
21157145
20155148
20564976
19244140
20422037
19629346
22770852
19853852
21107401
19430763
22594676
19768732
23426342
20267040
22296479
20143650
20144020
21225642
22492742
19072342
20183257
18556354
22175490
18975561
23400753
21703548
22472912
20286157
23289614
21291789
23377010
23169454
21303384
20414956
21373675
19798002
22440400
20887301
21823953
21687482
20717785
19502627
20912919
19751378
21225393
20158051
21630042
20466774
20081975
18676183
[0m[[32msuccess[0m] [0mTotal time: 21 s, completed Oct 7, 2016 1:05:53 AM[0m
