[0m[[0minfo[0m] [0mSet current project to root-4370-6370-project-two-w-sbt (in build file:/home/nick/6370/Proj2/4370-6370-Project-Two-w-SBT/)[0m
[0m[[0minfo[0m] [0mRunning cs4370.TestTupleGenerator 500 1[0m
Number of tuples in Student : 500
Number of tuples in Professor : 500
Number of tuples in Course : 500
Number of tuples in Teaching : 500
Number of tuples in Transcript : 500
Timing selects on primary keys
SuccessTimesTeaching: [365786, 75064]
365786
75064
UnSuccessTimesTeaching: 
4155886
244867
145158
148876
230056
139145
120369
126120
126830
129988
157763
1108575
103815
78422
74365
76401
66369
72278
92764
71830
72972
106775
67345
93531
73896
78545
76657
72327
66454
72629
76121
61407
67651
53885
82076
54245
128596
90746
69693
70469
69608
58439
53929
55312
81330
59149
56843
67709
63170
362858
212318
130381
83576
95219
87192
279996
96927
112081
88821
175473
98249
120625
67859
69897
73839
75144
68906
73759
64973
72417
68057
56156
72616
82243
72026
69463
77711
61387
60754
70956
61566
65919
65412
58232
66219
113318
69095
72085
71328
73031
65400
66487
74791
60934
56886
58058
73274
56000
SuccessTimesProfessor: 
UnSuccessTimesProfessor: 
13162
17207
2413
2531
2454
5062
2419
2298
2613
2427
2630
2285
2228
2372
2306
1967
1851
2027
2134
2448
1929
2480
1817
2086
1882
2369
2440
2593
2558
10485
2914
2158
2198
1908
2082
1937
2615
2974
2893
2551
2122
2363
2217
1967
2679
2560
2139
2752
2509
2077
1881
2158
1987
1942
2173
2297
2369
2086
2637
1998
2414
2093
2247
2484
2256
2206
2413
2625
2789
2818
2335
2441
2462
2343
2229
2724
2328
2261
2129
2523
2395
2714
2251
2385
2502
2117
2136
2652
2134
2189
2381
2280
2261
2483
2863
1919
2160
1736
2483
1893
SuccessTimesStudent: 
UnSuccessTimesStudent: 
123417
70277
5639
3957
4991
4341
6170
5595
3743
3178
2495
3506
2799
5619
2604
2796
5573
2755
2982
3331
3384
3984
2457
2875
2695
33374
3206
5607
5089
21042
6339
4255
4825
2709
2709
3415
4802
6441
5320
4283
4155
3017
2778
3396
4607
3517
2805
2733
3361
3496
2860
4158
3357
3214
3256
3189
3084
3520
5669
3308
3180
3271
4050
3590
4219
3819
4954
4354
3529
4062
3341
4356
3630
2903
4305
4153
4325
3471
3591
3083
3070
4369
3525
3406
3944
4186
4186
4300
3644
2966
4237
3622
3515
4047
4329
2842
3261
3103
4313
3119
NaturalJoinTimes: 
8394227
5417987
8932247
5705538
4739630
4713259
5225203
4454889
4613483
4505879
5106160
4034737
4180133
5539224
3799038
3721145
4062676
3165719
3064907
4553945
3330081
3078904
4817856
4024168
3286891
4031080
4073368
3832343
3472650
3951127
4365799
3410154
3468165
4301708
3654802
3090087
3043685
4148109
3176846
3282896
3825204
2923389
3059443
3881123
2936779
2947424
2986795
3860608
2895873
3024496
3925578
3880421
2918109
3800353
3943137
2877286
2958443
3880551
2979562
3007905
3436959
4254529
3438990
2895552
3540471
2559449
2677139
2682668
3661018
2598845
2770669
3624298
3526283
2853155
3523044
3627558
2675874
2657365
2785007
2824928
21841415
2410707
3460227
2446089
2390824
2234146
5999896
2483914
2428401
2997507
2383373
2296194
2287675
2215030
2090946
2226138
2011528
2015945
1972635
2063523
2043140
1966752
1994358
1955815
1977683
2043934
2103633
2446345
2173241
2205025
2375023
2372240
2407287
2355498
2337957
2223949
2337591
2319587
2137201
2222233
2178706
2176548
2191943
2017540
2019999
2006167
2007544
2138466
2031659
2193619
2070190
2189709
2080348
1974964
2049605
2043330
1957541
2061572
2058130
1967556
2060803
2224344
2010088
2020982
2054458
2011509
2066722
2045385
1983207
2012170
2114090
2102925
2312368
2140695
1959866
2059190
2010308
2019885
2003669
2009541
1982542
2026161
2160651
2268602
2060902
2023756
1982966
2034427
2063501
1969049
2072648
2095325
1993421
2141927
2096096
1972847
1998298
2021720
1994730
2022369
2040561
1972968
2083230
2203766
2060412
2232695
2211822
2067423
2193478
2137375
2147808
2128417
2128792
2072331
2219222
2110669
2017069
2270661
2149240
2023484
2147253
2148944
2817301
2330062
2478619
2692172
2347481
2147450
2072362
2112752
2125612
2123707
2149857
2243017
2127464
2170007
1942353
1894669
1980350
2142501
2171580
2338650
2254230
2152012
2326177
2179198
2097456
2197408
2161621
2485673
2171380
2022870
1979911
2069213
2026838
2050959
2018720
2288194
2125433
2049785
2033245
2102081
2240526
2255793
2047628
2027637
2082166
2018810
2395066
2022469
1998394
2053565
2191180
1955217
2040368
2105435
2120491
2196917
2186765
2081277
2190440
2204913
2199107
2109349
2124020
2156322
2147232
2123779
2039508
2213900
2192802
2088157
2135808
2142561
2089103
2167213
2170034
2093467
2178096
2124863
2112671
2174632
2164669
2196259
2022771
2298401
1914105
1909806
1906397
1894934
1915959
2005374
2130845
12437041
1968515
2259630
2083264
2108164
2067329
2101180
EquiJoinTimes: 
25349552
7889242
4871732
3763320
4481380
4671223
3980969
2707587
3576967
2454770
3081271
2234728
2180220
2926451
2131999
2976334
2136459
2961932
2132912
1944523
2048891
1886947
2517896
2182300
2994540
2092586
2937230
2049098
2074633
2961516
2007679
2950875
2051682
2878186
1999402
1919555
2069775
2044396
3062974
2000232
3257697
2201526
3032765
2065078
1698993
2615291
1680779
2535023
1719563
1610634
1817563
1755877
4155480
2103260
1310638
1493761
1385093
2677687
1493841
1335751
1488355
1334856
1432254
1412913
1350798
1210809
1237933
1162377
1264822
1153099
1198448
1175913
1365230
1315504
1483820
1406882
1475619
1369654
1442274
1281150
1276119
1235803
1184634
1245077
1188448
1169633
1233673
1144528
1337862
1158904
1244090
1153403
1189645
1123671
1242683
1237215
1189888
1168590
1209427
1123166
1176122
1132035
1266088
1263099
1187923
1145809
1158447
1148172
1218359
1123606
1209091
1117322
1184045
1129637
1181691
1129171
1275917
1204956
1181452
1127076
1206777
1119804
1280522
1239559
1268803
1330275
1235102
1256556
1386083
1258956
1212961
1164272
1239515
1219759
1255631
1216329
1233446
1164665
1255863
1259483
1273607
1210026
1253077
1302988
1117730
1082060
1130294
1115837
1308122
1315629
1285143
1240135
1263568
1188329
1264144
1186676
1318439
1172611
1188114
1140879
1166908
1120075
1295692
1238438
1166665
1163038
1216988
1106956
1281163
1200352
1194368
1129024
1310097
1274170
1253397
1267571
1312674
1244622
1244758
1163097
1223236
1183220
1271798
1261871
1261329
1368045
1218989
1171656
1290159
1258811
1128768
1081166
1139722
1080402
1155541
1126546
1158191
1177218
1186435
1237418
[0m[[32msuccess[0m] [0mTotal time: 2 s, completed Oct 7, 2016 9:32:43 AM[0m
