[0m[[0minfo[0m] [0mSet current project to root-4370-6370-project-two-w-sbt (in build file:/home/nick/6370/Proj2/4370-6370-Project-Two-w-SBT/)[0m
[0m[[0minfo[0m] [0mRunning cs4370.TestTupleGenerator 500 3[0m
Number of tuples in Student : 500
Number of tuples in Professor : 500
Number of tuples in Course : 500
Number of tuples in Teaching : 500
Number of tuples in Transcript : 500
Timing selects on primary keys
SuccessTimesTeaching: []
UnSuccessTimesTeaching: 
4760735
299906
198772
159164
178791
187787
180038
145936
133733
151799
147134
157640
81651
75586
73711
72577
70316
108697
67072
67467
75012
92530
70128
86837
104584
111677
82977
69687
74819
80574
69382
76715
68423
69094
64675
67870
68627
68170
75336
68706
67930
67713
74282
66818
68486
67966
66696
72478
72315
68998
69167
71990
68304
67402
73655
71062
74746
73810
68861
76694
71921
73317
71916
68091
72942
111001
80904
74482
76662
72363
79044
69515
70613
76988
73507
89731
71466
70599
87705
77921
70026
80750
85423
72916
76145
71738
109309
120172
80626
80869
73679
82049
86488
77387
79378
81289
79443
70017
66981
72394
SuccessTimesProfessor: 
UnSuccessTimesProfessor: 
32065
6673
18443
8915
11854
16148
14119
4045
5859
6423
5115
6596
7869
6117
7979
4290
3610
6144
5176
2248
3117
3317
4107
4146
4326
3676
5224
3632
3551
4047
2031
6214
2855
1088
2073
3997
2352
1583
3195
2533
2688
3795
2893
2963
1552
1030
2641
3008
1648
2780
2592
3376
2494
3028
3030
3427
1913
2706
3345
3591
3465
2867
3991
3399
2780
5020
4651
1250
4904
2834
2795
2615
1739
4881
1132
2781
3548
4910
3066
3856
3765
2593
6058
2434
2734
3993
1355
4528
3096
5543
4395
3927
3100
3429
2873
3682
3311
2389
3379
3417
SuccessTimesStudent: 
UnSuccessTimesStudent: 
242871
36432
12899
8298
13280
15699
20657
7939
8144
16507
12048
14685
12531
12077
10662
5170
5861
2781
6258
6082
5228
8988
6161
8704
10004
5800
11659
6748
8480
12021
5056
9936
4924
5148
6546
7368
5241
7846
7316
3691
6221
3835
6712
6636
4943
3757
7233
5263
6227
6640
3924
7333
5615
4968
6994
8259
5984
6274
5957
8029
4784
6927
6788
5505
6558
7804
5567
5365
6300
3598
8906
7895
5561
6482
5743
6122
5875
1809
6137
7299
6744
6250
5369
4419
5819
5695
6183
2482
9566
4286
6395
2904
4658
6512
7635
5179
9183
4686
5893
7644
NaturalJoinTimes: 
11464601
14745371
11446762
9921784
11779029
9571105
9684834
12346288
10526017
9455558
11857757
10880000
10204443
13117755
11422243
13020308
16115036
13355450
14197260
14559986
55849894
8580588
8754565
8733793
9314694
10174007
9852482
9763429
10306737
10086110
9330743
10045587
9428688
6150661
6946978
6038698
6095545
6728074
5971749
6247110
6630580
5870587
5146895
5417426
4763110
4668692
5420867
4490096
4226802
4963103
4011391
4056457
4861548
4137616
4204265
5809985
4162116
3464387
4276276
3446605
3504974
4166399
3312806
2853757
3755271
3030479
3000120
3624271
3004358
3013188
3447381
2940988
2876561
3197501
2798236
2563160
3359079
2705376
2447885
16369314
2663733
2388170
3119169
2341982
2467171
3302269
2419239
2334738
3100159
2257600
2387452
2735493
2271306
2359169
2727492
2278689
2380622
2904762
2505383
2237062
2954911
2490268
2195906
2824621
2295110
2255764
2882730
2205705
2253799
3053138
2305901
2304527
2680275
2282225
2859223
2697778
2223565
2342373
2887852
2446022
2340637
2847454
2312971
2332533
2871500
2389287
2284595
2967804
2468973
2541167
2797035
2275751
2363123
2945928
2256502
2311743
2850215
2252774
2344197
15293381
2209687
2479001
2866737
2327382
2429073
2818362
2191055
2287877
2813613
2247938
2290551
2785535
2251085
2355090
2851892
2254611
2255539
2820477
2229918
2269760
2803959
2448384
2251633
2852766
2386997
2261297
2815208
2307539
2428099
2867862
2323832
2237875
2877098
2287357
2247861
2783711
2258936
2451341
2848612
2251606
2560987
3064971
2259250
2347106
2990254
2296213
2269319
2801579
2233184
2508037
3168011
2232407
2712571
3302121
2647060
2653550
3258359
2702837
2664209
22311756
2206734
2386015
2662940
2218306
2312471
2970230
2202360
2414696
3090510
2304762
2339277
2817522
2222670
2540051
2762030
2269539
2503732
3506645
2631467
2605518
3432072
2540883
2550793
3200788
2621127
2374306
3022642
2511421
2333978
3168649
2756181
2515536
3195995
2616205
2549492
3011736
2579916
2500892
3150695
2773711
2564911
3044371
2484104
2614444
3013235
2303354
2384887
2820935
2220828
2288844
2848186
2226350
2275520
2915897
2457614
2269796
2845235
2279761
2377187
2928175
2249404
2489196
3131614
4847742
4778511
6882449
4878204
5645196
5980744
3394440
2340627
18626338
2432405
2613839
3052370
2390532
2412482
3026711
2495869
2626879
3133684
2570509
2659803
3086280
2580803
2392067
3139889
2303805
2127091
2713870
2123496
2114981
2672442
2110677
2092152
2704194
2123003
2087425
2645479
2328881
EquiJoinTimes: 
29912213
11845925
10204141
8374599
9458171
8706059
8498792
9017177
9744143
9887813
12940868
12194323
11910036
12039316
8844394
7893722
7650904
8150436
9084607
8445325
8443881
8366546
8450722
7187805
6397075
5988601
5730496
5684731
5479817
4572364
4491088
4750905
4327918
4043626
4213133
3929358
3369518
3271480
4971117
3916764
3393525
3101465
2779860
2364226
2529705
2461779
2579592
2509267
2567174
2095206
2137571
2059704
2033540
2009442
1985374
1872497
1991830
1860373
2032505
1982502
1817972
1768199
2026324
1933090
1881755
1782068
1858433
1838115
2065397
1869620
1878081
1780102
1942458
1802516
1906153
1800952
1944025
1923347
1887701
1903489
2374593
2136606
1900409
1971337
1987414
1939017
1916197
1884206
1976657
1982620
1934123
1869873
1951691
1833410
1883316
1869212
2015189
1925801
1980901
1919293
1940062
1945802
2009176
1937657
1937591
1819297
1953915
1882126
2009348
1849343
1935278
1864904
2071767
2076194
1910221
1890881
1928471
1884293
2168598
2001806
2297312
2004975
2016136
1865437
1954612
1852702
1945789
1820567
2085404
2568319
2212151
2131750
2211317
2144119
1864333
2070566
1802054
1793312
1949893
1856734
2259331
1821898
1971009
2015573
1920025
1856658
2261320
2025661
2159058
2017153
2023858
2098129
1995462
1976796
2007437
2003272
2108086
2084880
2169912
2018962
2220348
2020702
2178784
2115866
2112100
2000075
1963959
1853017
1959432
1841572
2006127
1855967
1959912
2193438
1959091
1957981
4145635
3976948
4172747
4294500
2056176
1950596
2372899
2057694
2011740
1947795
2149852
2132941
2152121
2186236
2209116
2072827
1960477
1818709
1784392
1729399
1787225
1726667
1884222
1717733
[0m[[32msuccess[0m] [0mTotal time: 3 s, completed Oct 7, 2016 9:32:58 AM[0m
